80 109 105 7 38 691 142 2 22 2
47 87 5 9 77 500 267 7 15 2
1 122 197 1 51 73 158 9 16 0
81 609 129 6 96 440 229 2 6 2
15 718 237 3 41 828 227 8 7 0
97 752 270 2 65 454 259 10 5 0
69 79 170 4 99 695 20 1 13 0
52 918 226 2 60 800 104 9 19 0
2 328 108 3 91 572 1 5 21 0
52 241 143 9 18 418 248 3 19 2
50 388 261 2 16 789 237 6 9 0
78 622 24 2 73 849 265 7 19 2
51 131 111 6 29 644 165 2 2 2
36 812 201 7 60 625 201 7 9 2
74 324 205 3 90 167 244 2 7 0
39 966 260 10 43 698 283 4 11 2
66 526 275 9 10 711 22 8 20 1
81 868 72 7 69 894 238 5 9 2
38 723 155 9 66 723 152 3 14 1
15 276 31 2 98 474 283 5 25 0
88 183 217 7 7 995 71 10 17 2
62 877 192 6 100 802 146 3 12 2
74 895 20 10 87 307 288 8 16 2
1 806 153 10 71 176 122 8 15 1
92 956 81 10 72 378 136 7 7 2
57 825 258 10 10 64 217 9 22 1
9 963 226 5 63 505 189 4 16 1
2 153 4 2 81 2 131 4 22 1
54 103 199 8 77 551 24 8 25 2
73 382 33 6 29 367 122 6 9 2
85 572 61 4 72 876 112 2 20 0
87 306 67 8 21 140 14 8 5 2
70 592 129 5 13 222 208 6 5 2
4 791 300 3 7 311 128 3 10 1
66 929 141 8 52 584 50 8 3 2
71 649 149 5 10 970 121 4 6 1
80 730 119 6 31 731 16 7 7 1
48 991 188 7 39 313 111 3 11 2
26 427 120 10 14 931 298 3 13 2
19 881 181 2 75 135 4 7 3 0
81 993 180 1 52 543 121 4 16 0
3 573 161 5 72 580 275 8 16 1
77 447 208 6 15 582 106 9 14 1
87 181 104 10 23 106 281 9 23 2
54 19 297 1 28 516 115 7 16 0
47 178 182 7 60 679 13 6 3 2
14 718 267 6 24 28 159 1 15 1
76 670 241 10 92 866 188 4 13 1
98 997 252 5 65 118 117 6 3 0
76 905 299 4 29 600 200 9 22 0
68 436 63 7 82 599 209 3 11 2
17 335 16 8 11 929 213 8 22 2
93 846 3 9 94 137 175 10 3 2
70 550 243 8 97 51 90 4 8 2
41 539 155 9 98 300 239 9 20 2
36 378 161 8 40 779 187 8 13 1
30 485 287 2 25 312 54 6 6 0
51 926 296 9 89 222 265 8 10 2
35 576 134 9 28 595 300 10 18 1
84 656 162 2 45 186 98 3 22 0
79 547 253 10 22 314 140 2 20 2
74 562 47 2 56 634 212 9 12 0
38 815 147 8 99 736 54 9 20 2
52 50 182 10 80 951 48 9 20 2
62 378 164 3 90 32 27 7 21 0
92 224 242 4 64 323 221 1 18 0
54 388 50 2 80 587 33 4 7 0
76 804 224 3 52 661 107 1 25 0
57 293 212 8 17 359 260 6 24 2
52 888 170 7 54 432 1 7 25 2
8 362 30 6 4 872 200 7 11 1
80 924 63 3 53 353 173 6 25 0
29 485 180 7 31 201 131 1 8 2
75 902 230 3 64 83 86 3 17 0
34 602 179 7 98 13 171 6 10 2
80 101 255 5 86 193 162 8 12 0
37 772 114 9 92 734 261 4 11 2
71 896 153 5 56 496 118 9 1 0
40 761 24 10 44 777 205 2 22 2
75 525 144 4 48 474 279 6 7 0
23 443 270 4 69 912 108 3 17 2
71 813 202 3 48 754 50 5 25 0
81 246 42 4 37 897 229 10 4 0
83 985 24 4 63 688 217 7 17 2
28 671 296 6 65 290 277 2 12 2
41 457 202 8 33 814 211 8 9 2
15 833 32 3 7 920 202 5 18 1
52 673 242 6 53 536 80 5 12 2
4 616 49 10 75 945 42 9 12 1
95 160 280 4 8 307 152 2 16 1
9 690 99 10 15 624 256 3 23 1
27 352 23 8 67 701 159 6 4 2
72 351 62 10 72 433 86 6 21 2
81 372 259 10 76 444 32 9 24 1
19 270 244 5 79 678 184 9 14 2
35 459 180 1 41 769 276 7 10 0
28 220 125 7 5 894 139 10 20 2
91 705 192 6 46 281 254 1 24 2
79 554 97 10 48 153 61 1 1 2
69 960 279 10 12 139 76 3 22 1
13 559 256 3 17 169 102 10 20 1
22 112 133 3 95 831 36 8 10 0
51 565 22 2 18 196 88 2 14 0
82 922 130 5 89 962 183 7 21 0
98 774 31 6 67 106 169 3 25 2
75 747 151 5 38 702 34 9 3 2
58 822 207 4 9 388 250 8 16 2
15 309 290 2 2 815 289 4 16 0
47 937 152 8 90 86 245 7 22 2
76 286 237 6 63 167 10 9 25 2
40 62 254 3 93 676 276 6 20 0
68 412 262 6 4 366 187 10 23 2
15 501 252 4 61 941 296 3 10 2
47 987 150 8 43 534 236 9 21 2
51 208 35 10 21 80 183 9 10 2
30 741 106 10 24 858 29 10 12 1
51 269 200 9 50 970 236 3 13 2
43 338 5 10 62 34 111 6 6 2
77 875 84 2 76 620 59 8 22 0
36 514 3 10 19 923 260 4 19 2
57 34 124 8 86 689 223 6 23 2
36 419 26 5 20 467 268 8 11 2
6 103 60 4 82 660 114 5 19 1
100 395 218 6 78 522 116 9 19 2
78 778 254 6 31 827 235 1 17 1
52 780 269 8 4 85 248 6 18 1
67 543 234 5 24 546 209 7 21 0
46 972 158 5 90 910 243 5 19 2
74 186 185 5 16 985 39 3 18 0
92 782 76 5 9 42 78 7 16 1
35 716 18 10 19 154 257 10 21 2
1 621 298 7 92 452 73 3 16 2
20 629 27 8 76 740 255 4 7 2
60 269 291 6 65 822 107 1 21 2
86 337 62 6 22 179 262 8 18 2
2 756 110 6 58 571 46 2 14 2
24 440 178 10 30 38 133 9 8 1
47 732 91 9 57 809 292 5 15 1
55 63 245 2 9 74 68 2 9 1
50 395 241 10 6 40 28 2 6 1
6 813 125 6 88 400 214 4 16 2
63 888 197 4 71 614 245 9 9 0
21 680 1 6 89 700 209 6 10 2
43 461 290 3 66 454 258 7 23 0
5 509 34 6 5 955 125 6 22 1
7 518 141 8 4 200 137 4 21 1
8 967 113 1 70 472 174 4 13 0
50 198 165 8 81 158 287 10 15 2
59 540 244 3 51 164 152 7 13 0
95 406 188 1 31 320 271 3 14 0
56 864 68 6 79 276 163 8 21 2
37 245 2 6 91 161 66 1 19 2
47 690 19 7 18 663 110 4 12 2
44 752 172 7 74 476 77 7 4 2
44 31 118 5 33 410 188 1 3 0
31 426 10 1 51 87 88 8 16 2
68 110 141 5 36 433 57 2 1 2
11 995 134 4 77 233 162 7 9 0
42 967 176 5 47 970 39 2 7 1
28 970 142 4 58 575 259 8 15 0
51 774 51 1 93 8 153 9 12 0
35 87 97 3 96 781 48 4 1 0
97 360 135 8 92 38 94 1 18 2
93 272 186 1 28 219 193 3 1 0
25 639 206 7 94 807 181 2 21 1
19 947 88 9 100 488 139 5 13 2
49 95 165 3 97 830 235 10 12 0
54 641 5 6 88 125 43 9 15 2
85 905 261 3 61 537 296 2 20 0
86 672 246 8 75 807 18 1 11 1
77 644 287 7 38 692 293 6 22 1
91 304 196 9 65 618 233 5 15 2
48 341 182 10 19 489 238 4 24 1
15 793 18 3 77 239 20 5 5 2
95 380 75 3 95 989 18 7 14 0
81 152 282 8 52 917 85 4 7 2
80 680 12 4 27 236 15 6 4 2
27 505 180 5 27 435 12 5 20 2
97 324 114 7 67 650 35 2 6 2
80 221 289 4 65 548 45 1 22 0
77 25 221 1 55 495 91 4 9 0
3 468 19 5 40 963 273 6 23 1
79 429 56 6 18 882 220 1 22 2
16 318 26 7 14 767 234 1 13 2
32 843 182 4 71 103 136 2 25 0
31 967 269 1 65 654 16 2 19 0
9 570 174 8 88 873 244 6 19 1
43 978 86 6 25 552 55 4 4 2
91 612 195 5 5 793 275 5 12 2
28 603 219 1 96 634 21 9 25 0
20 441 221 1 47 522 165 6 23 0
31 129 297 7 26 978 149 7 19 2
68 995 256 9 69 468 110 1 11 2
59 205 147 1 21 624 165 8 22 0
82 12 291 6 89 700 256 7 6 2
28 429 266 3 25 417 117 3 9 1
34 486 53 6 91 708 36 7 17 2
38 996 167 7 65 680 269 1 19 2
86 948 159 3 33 88 176 8 3 0
73 314 144 9 25 333 188 7 12 2
66 954 117 6 30 654 107 6 5 2
20 600 251 5 13 339 50 5 12 1
24 844 5 5 93 68 174 2 14 2
77 598 109 7 31 111 57 4 20 2
32 27 194 3 34 236 223 5 24 0
100 488 141 3 65 861 100 9 11 0
100 628 86 10 71 848 55 6 18 2
50 10 22 2 42 335 74 7 13 0
31 239 266 3 41 167 217 2 6 0
68 979 222 1 31 11 127 2 24 0
81 755 203 6 67 529 147 6 5 2
6 963 198 2 16 284 269 10 6 0
88 849 42 9 93 267 251 7 14 2
80 816 294 8 59 697 216 5 23 2
48 543 228 5 72 904 217 7 3 0
100 355 230 10 46 271 39 3 23 2
14 207 212 7 1 204 285 3 14 1
27 804 139 4 90 400 229 4 13 2
42 945 240 9 84 794 21 6 19 2
71 170 236 6 49 699 250 7 11 2
60 599 87 10 17 467 289 9 11 2
96 800 227 9 17 643 262 2 18 1
14 700 168 5 71 658 157 7 5 2
96 843 104 2 62 30 4 2 6 0
33 735 260 5 52 95 51 6 4 2
69 131 188 2 9 247 218 3 10 0
32 499 184 4 21 133 175 1 4 0
97 139 137 1 52 972 250 1 8 0
100 159 251 10 42 565 178 4 15 2
30 847 116 4 48 573 72 4 8 2
58 477 260 9 26 142 67 2 9 2
24 451 18 6 34 317 289 4 10 2
41 503 190 1 6 313 14 4 6 0
52 576 23 1 26 258 21 5 6 2
33 169 27 9 56 579 173 5 4 2
12 484 8 10 89 449 42 10 22 2
81 267 231 7 49 85 232 3 18 2
79 590 220 4 73 872 288 1 11 2
70 872 282 10 70 793 48 8 24 2
24 183 223 1 56 696 44 3 5 0
83 887 68 2 70 125 292 1 13 0
75 945 118 1 13 134 17 9 17 0
17 955 11 1 95 780 100 3 16 2
94 325 269 6 56 561 246 6 15 2
37 961 129 5 21 72 10 5 4 2
6 27 201 2 33 476 46 5 18 1
30 782 5 4 71 267 283 5 22 2
30 674 29 2 63 603 111 3 18 2
42 834 175 10 77 139 164 9 4 2
67 89 208 5 54 668 217 7 20 2
85 327 165 2 77 451 167 2 25 0
89 472 294 9 42 73 199 9 18 2
70 725 65 5 34 558 293 8 23 2
97 500 73 5 11 662 246 4 3 2
99 959 91 8 11 531 236 4 19 1
83 537 90 6 39 390 282 2 3 2
98 900 107 4 88 242 23 3 5 2
17 294 5 10 74 76 172 9 18 2
55 675 126 2 54 248 85 6 23 0
80 59 49 3 26 894 223 1 17 2
81 15 99 9 21 409 231 1 25 2
87 839 280 9 23 891 179 1 16 1
70 955 289 6 45 940 269 5 16 2
84 925 294 3 42 373 52 4 17 2
9 656 127 8 71 708 21 3 10 1
16 405 19 6 75 888 152 4 11 2
26 558 231 3 6 548 97 3 23 1
11 175 240 10 100 803 194 3 8 2
4 945 61 4 66 613 264 9 4 1
73 175 12 1 26 697 57 6 13 2
72 33 195 2 2 828 4 1 16 0
75 679 285 3 37 164 74 3 13 0
4 929 221 10 44 243 15 7 10 2
34 553 198 2 69 615 7 9 21 0
68 373 90 9 88 138 261 9 23 2
49 488 47 6 83 76 102 3 17 2
41 825 87 1 66 749 9 4 17 0
63 271 269 9 54 164 60 6 21 2
9 922 20 3 78 516 102 1 15 2
14 477 242 1 10 562 10 4 19 1
26 549 113 10 67 240 65 4 15 2
32 80 58 7 91 385 165 3 23 2
22 384 139 4 85 50 22 1 5 2
91 414 0 3 89 277 96 6 8 2
78 217 218 5 31 284 144 8 11 0
56 133 52 3 23 225 256 1 9 0
13 791 165 7 21 834 182 5 14 1
72 423 149 4 40 686 199 3 9 2
97 176 16 1 68 412 127 7 24 0
60 952 60 1 4 928 26 2 19 1
5 589 219 9 71 547 180 10 15 1
75 544 117 8 77 492 199 9 14 2
84 173 129 7 44 46 88 1 18 2
89 396 153 5 70 85 158 6 25 2
48 780 69 1 16 809 129 8 25 0
85 400 152 10 69 499 17 9 8 1
33 390 97 5 75 930 5 1 13 2
21 354 52 2 49 132 274 10 19 0
40 689 10 7 10 585 217 6 18 2
84 474 203 2 60 219 188 9 13 0
96 947 40 4 21 111 67 5 23 2
64 77 297 6 4 9 60 10 17 1
33 75 201 2 95 477 50 7 15 0
9 11 208 6 65 306 71 6 20 1
9 337 142 9 90 131 94 2 20 2
50 715 255 2 42 728 190 4 19 0
63 928 4 10 64 401 49 1 9 2
25 370 296 4 30 268 117 4 15 2
75 470 56 8 75 600 29 5 19 2
10 264 228 1 20 385 277 8 24 0
34 249 135 7 18 590 85 7 16 2
32 663 85 1 7 266 273 2 16 0
61 396 128 4 61 678 125 5 5 2
87 763 164 4 38 752 145 4 4 2
27 693 88 3 53 173 80 4 9 0
73 507 86 6 68 756 285 4 2 2
72 820 184 9 54 487 30 8 4 2
35 80 244 10 18 117 6 10 17 1
13 526 88 2 67 416 5 6 22 0
15 222 14 10 8 272 115 10 17 2
65 397 208 9 83 948 205 3 9 2
88 936 79 4 69 607 15 5 4 0
44 719 3 2 72 382 296 7 6 2
64 265 118 6 94 536 239 2 1 2
68 134 54 6 55 114 103 10 9 2
33 675 251 2 23 171 293 5 19 0
54 692 75 8 38 958 197 9 14 2
22 626 242 4 52 644 128 8 10 1
51 893 13 10 43 838 145 6 13 2
79 145 171 6 17 195 265 10 10 2
92 131 7 1 12 433 248 4 23 2
96 454 43 6 32 91 108 6 25 2
3 317 272 6 64 523 96 6 11 1
68 259 86 10 64 762 91 7 14 2
94 623 75 9 38 702 70 9 5 2
65 573 101 2 50 876 136 3 16 0
91 220 269 9 80 519 53 7 24 2
25 923 4 8 12 26 1 6 5 2
84 51 101 5 88 287 74 6 19 0
75 81 46 3 36 890 79 10 25 0
81 452 116 4 96 148 87 5 10 0
99 221 148 8 3 465 207 8 19 1
15 986 241 3 52 106 4 5 24 2
51 553 59 10 93 785 199 8 3 2
11 519 269 2 66 555 35 4 6 0
94 421 127 6 9 101 14 6 23 1
9 704 40 4 91 62 146 10 7 0
11 12 60 5 42 350 64 7 10 1
41 801 36 6 48 464 37 2 25 2
10 125 131 7 11 845 35 9 8 1
64 368 277 7 85 707 148 8 22 2
31 267 14 8 97 350 160 9 6 2
90 991 59 7 28 605 73 5 10 2
29 622 34 9 40 839 50 6 23 2
73 678 262 9 81 881 4 2 18 1
79 263 281 9 10 91 134 4 20 1
76 871 208 3 3 186 42 1 19 0
6 867 68 4 97 329 1 3 10 0
19 369 152 3 96 897 194 5 13 0
80 652 236 6 15 163 286 5 5 2
63 797 89 2 63 202 233 5 21 0
24 694 148 2 61 64 153 5 8 0
28 585 156 4 68 487 116 8 19 2
87 871 163 5 34 157 73 3 16 0
14 829 149 1 54 617 211 8 5 0
13 212 258 9 73 604 240 6 19 1
45 996 251 7 36 27 224 5 5 2
78 971 159 9 60 767 39 5 17 2
55 23 261 5 11 833 129 10 5 2
3 99 142 1 88 151 242 3 22 0
19 148 102 10 6 15 59 1 21 1
27 95 203 1 69 298 157 4 1 0
88 735 23 4 42 19 286 6 5 2
82 372 143 8 96 188 269 8 21 2
8 444 84 2 29 326 206 7 2 0
35 600 212 3 71 45 218 5 6 0
51 315 142 8 38 820 35 4 22 2
71 31 104 6 99 958 224 4 3 2
31 521 208 9 97 585 242 1 9 1
40 708 70 10 17 677 159 5 8 2
2 755 292 4 53 424 48 10 4 2
62 263 79 6 80 518 24 1 9 2
1 645 82 4 3 142 253 10 17 1
45 170 140 6 42 724 261 7 16 2
45 286 187 7 45 226 258 9 2 2
60 923 197 9 35 313 269 10 6 2
68 979 76 3 37 202 276 10 9 0
41 415 118 5 44 581 101 5 5 2
22 607 48 6 5 41 293 6 25 2
29 28 212 4 66 268 155 5 2 2
14 966 8 1 46 23 85 7 14 0
72 304 168 10 8 179 16 1 25 1
28 579 37 8 86 914 223 10 22 2
36 195 118 9 37 288 109 9 2 1
49 397 275 8 78 449 274 1 22 1
54 903 47 3 34 557 37 10 7 0
39 108 54 1 85 440 93 4 18 0
71 233 243 4 90 479 4 8 24 1
60 725 130 9 58 834 104 7 21 2
36 3 204 5 84 525 47 6 8 2
83 904 124 8 29 274 55 6 3 2
15 982 169 9 50 351 43 9 5 2
58 251 86 1 11 884 200 5 11 0
59 378 167 2 38 209 75 7 6 0
28 373 208 9 73 933 188 7 25 2
34 180 101 8 39 661 48 4 6 2
33 771 103 2 49 440 159 1 4 0
26 285 122 1 83 413 69 10 5 0
45 229 76 8 31 620 199 2 11 2
93 659 81 2 86 384 218 6 2 0
66 603 104 1 46 21 129 7 17 0
91 264 218 9 5 659 241 2 7 2
75 283 105 9 26 453 10 1 12 1
7 827 176 4 30 767 78 2 23 1
12 922 298 9 25 356 102 4 8 2
86 10 149 5 97 16 34 3 21 2
87 661 250 1 11 842 213 9 21 0
84 951 170 3 100 449 197 5 22 0
26 506 126 3 27 944 249 9 15 0
95 487 209 4 83 665 34 7 13 0
88 247 239 9 6 992 230 3 7 1
3 762 32 6 52 518 145 3 24 1
9 741 127 9 60 475 103 8 7 2
60 828 154 7 29 799 159 6 1 2
90 427 262 4 72 22 241 9 4 0
58 982 109 3 43 352 118 6 10 0
21 12 77 1 11 360 133 8 8 0
70 18 120 10 80 235 215 1 14 1
42 83 289 4 45 365 216 2 5 2
64 535 63 5 100 708 281 5 2 2
48 295 32 8 59 484 232 1 19 2
7 460 242 9 37 741 67 3 25 1
10 702 39 3 17 434 43 8 18 1
5 866 194 5 45 649 94 2 12 1
88 246 13 2 71 712 151 1 4 2
46 49 181 6 52 66 101 6 10 2
47 668 50 1 21 919 123 5 3 0
10 232 5 4 67 166 8 5 3 2
56 593 250 7 45 445 232 9 10 2
72 186 86 2 94 873 6 2 2 0
92 257 86 8 31 936 278 3 4 2
12 277 206 1 3 654 42 10 4 0
29 732 5 8 33 874 144 8 18 2
68 629 79 5 24 97 77 1 1 2
81 31 17 8 15 71 115 2 4 2
75 829 147 5 74 39 43 5 19 0
13 881 40 3 45 525 181 5 21 0
73 152 148 4 43 720 85 4 12 0
23 976 42 4 33 124 57 9 13 0
33 580 129 5 96 141 14 7 16 2
75 443 49 6 11 417 239 5 23 2
57 463 2 9 57 281 208 6 3 2
81 644 194 6 40 99 86 9 20 2
2 903 146 7 79 277 244 5 11 2
80 431 45 4 25 883 82 4 10 0
13 199 229 4 47 602 177 2 16 1
68 631 223 2 91 334 284 4 9 0
30 889 276 5 45 276 16 10 3 0
93 861 81 1 6 128 71 6 22 0
96 134 300 9 81 841 222 8 6 2
31 718 234 6 25 330 280 4 6 2
79 8 126 7 61 547 55 7 3 2
7 375 92 1 44 680 288 2 20 0
87 35 213 1 100 234 231 7 3 0
32 125 194 6 21 281 219 1 22 1
33 270 268 3 44 206 114 7 16 2
56 236 28 8 94 626 96 10 25 2
82 563 243 7 21 644 55 4 6 1
42 297 40 10 6 388 173 5 7 2
93 855 62 5 31 16 59 1 19 2
4 196 13 9 62 96 94 1 12 2
4 62 102 6 50 858 3 1 19 2
84 163 220 7 6 432 122 7 2 1
26 18 265 8 25 593 218 2 24 2
14 176 113 9 77 777 209 10 5 1
78 179 268 8 47 368 126 6 25 2
93 357 188 5 48 921 49 4 15 2
90 116 171 5 57 515 104 2 22 2
39 604 16 5 7 835 78 4 1 2
67 916 182 6 93 927 35 3 22 1
9 482 227 1 68 259 47 6 21 0
36 464 179 3 28 929 108 4 25 0
22 908 138 8 81 506 174 5 22 2
45 389 257 5 25 130 16 5 18 1
50 615 227 4 5 148 161 9 9 1
18 333 239 8 51 459 173 4 21 1
90 469 260 1 70 561 116 6 2 0
14 880 243 5 41 771 181 9 12 2
14 721 81 2 54 261 58 1 7 0
37 10 70 1 51 106 136 10 2 0
4 735 22 5 61 911 290 4 18 1
61 899 262 5 73 145 154 2 3 0
17 333 44 8 25 98 172 3 17 2
22 102 279 5 13 483 250 6 11 2
92 235 101 8 46 75 72 8 6 2
97 133 91 4 28 404 11 5 6 0
25 110 150 3 19 200 236 5 6 0
55 656 94 7 74 238 51 4 11 2
18 261 261 8 75 473 124 5 22 2
11 650 212 4 77 882 140 5 23 1
52 94 108 1 44 566 202 10 1 0
68 8 261 10 26 421 20 9 13 1
1 827 280 4 16 795 201 8 5 1
86 522 294 10 18 53 103 7 14 1
40 311 215 8 34 609 112 9 20 2
